15
0 4 
0.000 0.000
2.000 0.000
2.000 2.000
0.000 2.000
1 4
0.000 0.000
1.999 0.000
1.999 1.999
0.000 2.000
2 3
2.000 0.000
0.000 4.000
4.000 4.000
3 3
0.000 0.000
2.000 4.000
4.000 0.000
4 3
0.000 0.000
0.000 4.000
4.000 0.000
5 3
4.000 0.000
0.000 4.000
4.000 4.000
6 3
0.000 0.000
0.000 8.000
8.000 0.000
7 3
8.000 0.000
0.000 8.000
8.000 8.000
8 3
6.000 4.000
4.000 8.000
8.000 8.000
9 3
5.500 3.000
3.000 8.000
8.000 8.000
10 4
0.001 0.001
0.001 0.999
0.999 0.999
0.999 0.001
11 3
3.500 0.000
3.000 8.000
4.000 8.000
12 4
0.000 0.000
8.000 0.000
8.000 8.000
0.000 8.000
13 7
4.000 1.000
2.000 2.000
4.000 5.000
1.000 8.000
5.000 7.000
7.500 5.000
7.000 3.000
14 5
4.000 1.000
2.000 2.000
4.000 4.000
7.500 4.000
7.000 3.000